Mean per epoch of all folds:
[ 1.72812715  1.47790259  1.27350817  1.10513109  0.99344273  0.91799284
  0.86520765  0.81925401  0.76692931  0.75050084  0.7382113   0.72963352
  0.7188673   0.70091542  0.67528608  0.66922527  0.66590978  0.66463807
  0.66066379  0.65972912]

Average error per epoch when leaving person 0 out:
[ 1.60400832  1.5856104   1.57841513  1.57687319  1.57508119  1.56918214
  1.54390123  1.26512644  0.52747926  0.53051143  0.52361941  0.5373467
  0.58519257  0.62291204  0.64944413  0.66224845  0.66172841  0.67186981
  0.66847824  0.66564808]

Average error per epoch when leaving person 1 out:
[ 1.53862464  1.48036708  1.44465302  1.41935628  1.39897684  1.33397111
  1.23765348  1.22408153  1.20562049  1.17006667  1.12781312  1.12563184
  1.01793766  0.90811968  0.74649074  0.6971737   0.69196974  0.6939846
  0.68876246  0.69234042]

Average error per epoch when leaving person 2 out:
[ 2.81624958  2.61124583  2.47012358  2.35116371  2.23020318  2.09958073
  1.9783078   1.8784978   1.78764697  1.69127736  1.58349488  1.4673576
  1.34531284  1.21676794  1.08513363  0.96022017  0.85109097  0.76338613
  0.69817194  0.65047558]

Average error per epoch when leaving person 3 out:
[ 1.91004986  1.65032484  1.35680393  1.00099182  0.67375898  0.55611436
  0.5483166   0.5500495   0.55026898  0.55002969  0.54997742  0.55006802
  0.55029855  0.55059966  0.55085422  0.55107122  0.55125848  0.55133352
  0.5513041   0.55148972]

Average error per epoch when leaving person 4 out:
[ 1.41199463  1.2570538   1.10924595  0.94732255  0.80364525  0.67458705
  0.5741795   0.51471235  0.48025179  0.45826909  0.45500337  0.45347193
  0.45242457  0.45129657  0.45014776  0.44901645  0.44792575  0.44689151
  0.44591373  0.44487754]

Average error per epoch when leaving person 5 out:
[ 0.91037739  0.89412341  1.02274117  1.16658978  1.24801587  1.28204684
  1.29471241  1.29995243  1.30270983  1.30454435  1.30591877  1.30696618
  1.30775258  1.30834429  1.30880715  1.3091919   1.30953328  1.30985971
  1.31019715  1.31056976]

Average error per epoch when leaving person 6 out:
[ 4.42773931  3.16994553  1.94285632  1.1757254   1.0964395   1.1251887
  1.1393554   1.15171737  1.15027522  1.14282126  1.1345865   1.13034755
  1.12804719  1.12591578  1.12402398  1.12231467  1.12067108  1.11904274
  1.11741414  1.11578436]

Average error per epoch when leaving person 7 out:
[ 0.85760016  0.78314913  0.70112267  0.64593235  0.62071439  0.60884416
  0.6032304   0.60333113  0.60391685  0.60303149  0.60140519  0.5996637
  0.59843063  0.59820605  0.59824481  0.59836045  0.5984664   0.59857645
  0.59873171  0.59900899]

Average error per epoch when leaving person 8 out:
[ 1.28827766  0.72082674  0.70473673  0.78434315  0.8131189   0.81902023
  0.82365463  0.82549129  0.82540536  0.82425412  0.82230809  0.81968916
  0.81651073  0.8129171   0.80908409  0.80517922  0.8013032   0.79751616
  0.79390353  0.79059084]

Average error per epoch when leaving person 9 out:
[ 0.84833676  0.76382024  0.75811881  0.76151793  0.7543518   0.75213275
  0.74897112  0.74740002  0.74614138  0.74504065  0.74458001  0.74447251
  0.74436629  0.7442228   0.74403129  0.7438337   0.7436809   0.74358494
  0.74352607  0.74348016]

Average error per epoch when leaving person 10 out:
[ 1.17792049  0.92139851  0.62269866  0.50060849  0.50917899  0.52468154
  0.53688362  0.54133666  0.5434595   0.54429918  0.54506128  0.54514714
  0.54490691  0.54525424  0.54598283  0.54683017  0.54750696  0.54801673
  0.54844413  0.54854396]

Average error per epoch when leaving person 11 out:
[ 0.60874797  0.31871175  0.34121766  0.33126076  0.34958827  0.36611765
  0.38079442  0.39189262  0.39615238  0.39662445  0.3970797   0.39857919
  0.40264944  0.41240036  0.42344922  0.43274415  0.45398716  0.45794299
  0.47058909  0.48287422]

Average error per epoch when leaving person 12 out:
[ 0.58397317  0.492509    0.41897568  0.4359016   0.48593856  0.53288184
  0.54255378  0.54365757  0.54419515  0.54515716  0.54594204  0.54657553
  0.54707013  0.54747829  0.54779907  0.54808371  0.54831183  0.54845194
  0.54853671  0.54866806]

Average error per epoch when leaving person 13 out:
[ 2.45427609  1.95181023  1.68755867  1.40724157  1.18165909  1.003575
  0.83830077  0.67535182  0.53232313  0.43129989  0.36712034  0.33163301
  0.3245832   0.3201918   0.31737684  0.31554082  0.31775367  0.32152289
  0.3240974   0.3243432 ]

Average error per epoch when leaving person 14 out:
[ 1.20581512  1.10897238  1.03293955  0.93331818  0.81664224  0.68128672
  0.53551289  0.42879587  0.39058458  0.40002652  0.41027339  0.41920511
  0.42311274  0.42493059  0.42591195  0.42653494  0.42698369  0.42734162
  0.42767649  0.42808774]

Average error per epoch when leaving person 15 out:
[ 0.4574959   0.42727807  0.38778655  0.37834045  0.36919589  0.36595472
  0.36630406  0.36711343  0.36810865  0.36915748  0.370172    0.37112638
  0.37271815  0.37519112  0.3787554   0.38217256  0.3849804   0.38618541
  0.38615972  0.38605121]

Average error per epoch when leaving person 16 out:
[ 0.57677636  0.39666494  0.40224923  0.40198031  0.4034562   0.40443472
  0.40511481  0.40566344  0.40608648  0.40641596  0.40662638  0.40659507
  0.40805993  0.40680315  0.40846176  0.40862448  0.4079623   0.40740097
  0.40834717  0.40695325]

Average error per epoch when leaving person 17 out:
[ 1.16545649  0.70228216  0.45163452  0.4485484   0.45815388  0.45844077
  0.45700455  0.45610045  0.4550713   0.45394883  0.45277347  0.4515496
  0.4502986   0.44904017  0.44780126  0.44660939  0.44550086  0.4445062
  0.44360984  0.44277831]

Average error per epoch when leaving person 18 out:
[ 1.50845486  1.44083123  1.40787867  1.38849373  1.37498967  1.3625828
  1.34442751  1.32340251  1.31004994  1.29975573  1.28491746  1.25554236
  1.19036396  0.94588587  0.5534926   0.5662198   0.55954919  0.55926206
  0.56373375  0.56053795]

Average error per epoch when leaving person 19 out:
[ 0.79418308  0.56483675  0.54604358  0.5363078   0.53804685  0.53770153
  0.53686642  0.53813079  0.54037701  0.5427993   0.54851879  0.55390606
  0.5567223   0.55673837  0.55418096  0.54533174  0.55393132  0.59743684
  0.56899737  0.60171628]

Average error per epoch when leaving person 20 out:
[ 1.88038246  1.71125207  1.33498747  0.86952823  0.64232781  0.57079457
  0.56116962  0.56113884  0.56079827  0.56008685  0.55950122  0.55904647
  0.55865777  0.55830712  0.55799294  0.55771919  0.55749819  0.55729488
  0.55686492  0.55604102]

Average error per epoch when leaving person 21 out:
[ 1.58986767  1.55974446  1.45237075  1.1971188   0.87636582  0.66768573
  0.56861983  0.52416046  0.50226165  0.4967709   0.49395852  0.49250593
  0.49174388  0.49136117  0.49121514  0.49119963  0.49118121  0.49106553
  0.49084918  0.49051451]

Average error per epoch when leaving person 22 out:
[ 2.0815151   2.06653841  2.05822745  2.05303892  2.04952261  2.04700267
  2.04512206  2.04367427  2.04253188  2.04161232  2.04085989  2.04023571
  2.03971161  2.03926625  2.0388828   2.03854777  2.03825027  2.03798088
  2.03773005  2.03748487]

Average error per epoch when leaving person 23 out:
[ 5.33496288  4.84791344  4.27090897  3.54061955  2.7502835   2.07706591
  1.59485844  1.28161525  1.08690186  0.96823299  0.89786904  0.85474296
  0.82848407  0.81259698  0.8029899   0.79711427  0.79342494  0.7910071
  0.78933378  0.78811018]

Average error per epoch when leaving person 24 out:
[ 1.21153282  1.02595885  0.49454967  0.40255702  0.42657345  0.38164318
  0.40590773  0.39136372  0.38906849  0.37486798  0.37179559  0.36191058
  0.36113076  0.356912    0.3558804   0.35759444  0.36913248  0.36918434
  0.3559697   0.3460501 ]

Average error per epoch when leaving person 25 out:
[ 4.68668702  3.97229797  3.11236806  2.07872833  1.38328226  1.06529631
  0.88367585  0.76684677  0.69247563  0.66212029  0.65231801  0.64715518
  0.6440627   0.64214147  0.64100321  0.64038007  0.64007159  0.63994396
  0.63991626  0.63993675]

