Mean per epoch of all folds:
[ 4.08981364  2.98471935  2.41912853  2.01911     1.65907725  1.42717
  1.24496864  1.06149973  0.88951524  0.81925562  0.77816319  0.72114206
  0.68844192  0.66194485  0.6361178   0.61097158  0.58748888  0.57369355
  0.56960636  0.56417039]

Average error per epoch when leaving person 0 out:
[ 1.43577111  0.60869801  0.29410446  0.3414893   0.38701338  0.39823581
  0.42779738  0.45380071  0.47178995  0.50150782  0.52665571  0.53848996
  0.57999475  0.57225112  0.58006074  0.64480107  0.59195184  0.60463913
  0.67780053  0.6043574 ]

Average error per epoch when leaving person 1 out:
[ 11.00925888   7.75598594   5.44561846   3.55831495   2.05471349
   1.27905304   0.97735438   0.83024435   0.75991747   0.74337086
   0.75700639   0.77971951   0.79975856   0.81306002   0.82114248
   0.82621782   0.82946947   0.83154665   0.83290189   0.83382831]

Average error per epoch when leaving person 2 out:
[ 8.04947926  6.75368667  5.82442914  5.04049243  4.36604557  3.81154788
  3.34881953  2.93420239  2.53894949  2.15802063  1.79812532  1.47348755
  1.19970205  0.98288178  0.81815288  0.69598633  0.60776814  0.54619297
  0.50425806  0.47591436]

Average error per epoch when leaving person 3 out:
[ 14.96172103  10.66416796   7.54432322   5.3319829    3.33405497
   1.81528007   1.2839678    1.08785962   0.97139691   0.88466859
   0.81631546   0.76400241   0.72811671   0.70995803   0.70961688
   0.72107318   0.73892838   0.75965728   0.78262946   0.80102672]

Average error per epoch when leaving person 4 out:
[ 0.36568152  0.30793879  0.28861294  0.28163502  0.27995643  0.27944936
  0.27910753  0.27892013  0.2787673   0.27862691  0.27848678  0.27834156
  0.27818512  0.2780203   0.27784957  0.27767082  0.27748545  0.2773167
  0.27716331  0.27697095]

Average error per epoch when leaving person 5 out:
[ 1.51018105  1.45234596  1.37333517  1.37661065  1.57011854  1.86511062
  2.20814001  2.47483286  2.56987174  2.58850709  2.59608248  2.60294315
  2.60937872  2.61483587  2.61894928  2.62211535  2.62453566  2.62625011
  2.62811262  2.63056141]

Average error per epoch when leaving person 6 out:
[ 8.46073535  2.20511181  1.77460132  1.64574867  1.53007231  1.39538442
  1.22096134  0.98633385  0.68939472  0.42383152  0.34935673  0.38103029
  0.39191707  0.39914989  0.41089006  0.42379282  0.43740399  0.45216116
  0.46761732  0.48261318]

Average error per epoch when leaving person 7 out:
[ 8.84756408  4.62925665  2.70814462  1.72214054  1.2690905   1.0088563
  0.81676105  0.66323462  0.55123681  0.48915668  0.47194375  0.4767873
  0.48406294  0.48912328  0.49286467  0.49567106  0.49751039  0.49849096
  0.49881216  0.49865526]

Average error per epoch when leaving person 8 out:
[ 0.30935238  0.53689098  0.57852885  0.52573301  0.53949593  0.51857237
  0.51844699  0.51076421  0.51658126  0.52830909  0.54418543  0.56429014
  0.58870212  0.61521283  0.63263637  0.63443368  0.67147123  0.64184817
  0.6187491   0.62892704]

Average error per epoch when leaving person 9 out:
[ 4.7188797   4.51259136  4.35677716  4.22978637  4.11588862  4.00765378
  3.90608573  3.813323    3.72218359  3.60878305  3.45822218  3.29268333
  3.04744705  2.72054022  2.27281646  1.74944271  1.2920142   1.03554089
  0.93591854  0.90202371]

Average error per epoch when leaving person 10 out:
[ 0.70355328  0.50490008  0.4880729   0.48927938  0.48910679  0.4892553
  0.49112038  0.49356674  0.49620086  0.49888096  0.5015495   0.50412685
  0.50656283  0.5088529   0.51099741  0.51298078  0.51479172  0.51643482
  0.51792023  0.51925952]

Average error per epoch when leaving person 11 out:
[ 2.22563046  1.59092891  1.20718398  0.91527161  0.44931627  0.28045116
  0.29581263  0.28103468  0.26812612  0.26413603  0.26377318  0.26448087
  0.26513534  0.26563693  0.26601027  0.26619557  0.2660837   0.26553741
  0.26446286  0.26285201]

Average error per epoch when leaving person 12 out:
[ 0.61291844  0.43653697  0.35361745  0.30433341  0.31824009  0.36716333
  0.42136336  0.46187268  0.48633708  0.49977691  0.50696365  0.51089554
  0.51318401  0.51468842  0.51580936  0.51669294  0.51736993  0.51783867
  0.5181159   0.51823726]

Average error per epoch when leaving person 13 out:
[ 2.73526617  2.46858062  2.4360778   1.93235419  0.35678119  0.49236463
  0.41467028  0.37557099  0.35306032  0.33309182  0.31383401  0.29335835
  0.27113869  0.2481122   0.22606918  0.20759054  0.19366819  0.18476217
  0.17934809  0.1746858 ]

Average error per epoch when leaving person 14 out:
[ 0.62927171  0.33765916  0.25224805  0.27876544  0.2969504   0.30142146
  0.30121957  0.30221626  0.30244928  0.30331608  0.30361114  0.30431795
  0.30464982  0.30534163  0.30576869  0.30647202  0.30686831  0.30753306
  0.30758566  0.30835514]

Average error per epoch when leaving person 15 out:
[ 0.24329308  0.2102926   0.21336554  0.21391644  0.21370287  0.21323813
  0.21347099  0.21360575  0.21284062  0.21125789  0.20956343  0.20811768
  0.20670937  0.20514387  0.20343245  0.20162895  0.19976356  0.19786546
  0.19596798  0.19409734]

Average error per epoch when leaving person 16 out:
[ 2.93814781  1.87273962  0.8552871   0.41978493  0.34205134  0.33014052
  0.32873293  0.32828053  0.32774973  0.32736893  0.32713544  0.32699826
  0.32692111  0.32688198  0.32686895  0.32687618  0.32690115  0.32694185
  0.32699682  0.32706335]

Average error per epoch when leaving person 17 out:
[ 0.30117748  0.2920229   0.28735908  0.28468108  0.28341927  0.28268776
  0.28230253  0.28208933  0.28199538  0.28197469  0.28200636  0.28207535
  0.28217002  0.28228627  0.2824146   0.28254892  0.28267737  0.28278086
  0.28283648  0.28305469]

Average error per epoch when leaving person 18 out:
[ 0.4046864   0.37489261  0.39058904  0.39191549  0.39040119  0.39015098
  0.38988421  0.38953908  0.3896998   0.38964566  0.389325    0.38930895
  0.38940726  0.38925653  0.38881376  0.38806791  0.38844593  0.38842724
  0.38784491  0.38338996]

Average error per epoch when leaving person 19 out:
[ 2.1879093   1.84462568  1.83725902  1.84080326  1.84278024  1.84843884
  1.84509972  1.82446817  1.79309676  1.72471896  1.50364636  0.67710637
  0.45474758  0.43608164  0.46384479  0.47049319  0.47499782  0.48418468
  0.48779851  0.48982205]

Average error per epoch when leaving person 20 out:
[ 19.01145819  15.89907113  13.11839318  10.71063274   8.52258463
   6.03543123   3.59679854   2.44758297   1.97319145   1.68587222
   1.46587386   1.28240764   1.12606371   0.99338432   0.88235565
   0.79091844   0.71659693   0.65657397   0.60783499   0.56745983]

Average error per epoch when leaving person 21 out:
[ 3.11195056  3.04587704  3.02031868  3.00249785  2.98266744  2.94100659
  2.68760235  1.35255877  0.46228575  0.45227122  0.4317331   0.4191703
  0.41440581  0.41091171  0.40840256  0.40652216  0.40500263  0.40371559
  0.40260441  0.40158832]

Average error per epoch when leaving person 22 out:
[ 4.61544335  4.55144293  4.50659799  4.42924593  4.33217732  4.17374441
  3.82179784  2.82143289  0.98210769  0.56286456  0.62789621  0.62529449
  0.61814835  0.61667822  0.61390716  0.61139885  0.60985498  0.60815998
  0.60624039  0.60486376]

Average error per epoch when leaving person 23 out:
[ 2.4776104   1.24252618  0.82544485  0.70895667  0.68074299  0.68109646
  0.68201138  0.68170467  0.68125007  0.68117252  0.68147262  0.6820895
  0.68281403  0.68285672  0.68117136  0.67848769  0.67663541  0.67569959
  0.67502442  0.67450517]

Average error per epoch when leaving person 24 out:
[ 3.54217282  2.82089237  2.251939    1.85918387  1.52600681  1.23887052
  0.94931069  0.65011396  0.38758774  0.22063002  0.16904246  0.17023864
  0.17284469  0.17286588  0.17258449  0.17249727  0.17268504  0.17283638
  0.17277783  0.17257381]

Average error per epoch when leaving person 25 out:
[ 0.92604074  0.68304028  0.66511265  0.6613038   0.66262996  0.66181502
  0.66054555  0.65983971  0.65932842  0.65888552  0.65843638  0.65793154
  0.65732233  0.65655355  0.65563287  0.65468474  0.65382944  0.65309651
  0.65244291  0.65174377]

